m = 50 
k = 20

mGreater_dia = [(0.0001, {0.1001: 11.8, 0.12012: 10.65, 0.144144: 9.85, 0.1729728: 9.6, 0.2075674: 9.05, 0.2490809: 8.8, 0.2988971: 8.45, 0.3586765: 8.1, 0.4304118: 7.9, 0.5164942: 7.8, 0.619793: 7.85, 0.7437516: 7.6, 0.8925019: 7.45}), (0.001, {0.101: 8.05, 0.1212: 7.2, 0.14544: 6.3, 0.174528: 6.1, 0.2094336: 6.0, 0.2513203: 5.45, 0.3015844: 5.1, 0.3619013: 5.0, 0.4342816: 5.0, 0.5211379: 5.0, 0.6253655: 5.0, 0.7504386: 4.85, 0.9005263: 4.2}), (0.01, {0.11: 4.1, 0.132: 4.0, 0.3284582: 4.0, 0.19008: 4.0, 0.8173092: 3.0, 0.4729798: 3.35, 0.681091: 3.0, 0.1584: 4.0, 0.2737152: 4.0, 0.5675758: 3.1, 0.980771: 3.0, 0.3941498: 4.0, 0.228096: 4.0}), (0.1, {0.2: 3.0, 0.24: 3.0, 0.288: 2.8, 0.8599634: 2.0, 0.41472: 2.35, 0.7166362: 2.0, 0.5971968: 2.0, 0.3456: 2.5, 0.497664: 2.15})]

kGreater_dia = [(0.0001, {0.1001: 6.9, 0.12012: 6.25, 0.144144: 6.05, 0.1729728: 6.0, 0.2075674: 5.75, 0.2490809: 5.3, 0.2988971: 5.1, 0.3586765: 5.1, 0.4304118: 5.0, 0.5164942: 5.1, 0.619793: 5.1, 0.7437516: 5.05, 0.8925019: 4.95}), (0.001, {0.101: 5.0, 0.1212: 5.0, 0.14544: 5.0, 0.174528: 4.95, 0.2094336: 4.15, 0.2513203: 4.0, 0.3015844: 4.0, 0.3619013: 4.0, 0.4342816: 4.0, 0.5211379: 4.0, 0.6253655: 4.0, 0.7504386: 3.35, 0.9005263: 3.0}),(0.01, {0.11: 4.0, 0.132: 4.0, 0.3284582: 3.0, 0.19008: 3.1, 0.8173092: 3.0, 0.4729798: 3.0, 0.681091: 3.0, 0.1584: 3.8, 0.2737152: 3.0, 0.5675758: 3.0, 0.980771: 3.0, 0.3941498: 3.0, 0.228096: 3.0}), (0.1, {0.2: 2.65, 0.24: 2.05, 0.288: 2.1, 0.8599634: 2.0, 0.41472: 2.0, 0.7166362: 2.0, 0.5971968: 2.0, 0.3456: 2.0, 0.497664: 2.0})]