m = 50 k = 20

mGreater_dia = [(0.0001, {0.1001: 11.8, 0.12012: 10.65, 0.144144: 9.85, 0.1729728: 9.6, 0.2075674: 9.05, 0.2490809: 8.8, 0.2988971: 8.45, 0.3586765: 8.1, 0.4304118: 7.9, 0.5164942: 7.8, 0.619793: 7.85, 0.7437516: 7.6, 0.8925019: 7.45})]

kGreater_dia = [(0.0001, {0.1001: 6.9, 0.12012: 6.25, 0.144144: 6.05, 0.1729728: 6.0, 0.2075674: 5.75, 0.2490809: 5.3, 0.2988971: 5.1, 0.3586765: 5.1, 0.4304118: 5.0, 0.5164942: 5.1, 0.619793: 5.1, 0.7437516: 5.05, 0.8925019: 4.95})]
